6534927.09 305795.80 11.72
6534927.08 305795.73 11.73
6534927.08 305795.66 11.72
6534926.98 305797.97 11.66
6534926.98 305797.89 11.67
6534926.98 305797.86 11.65
6534926.97 305797.75 11.68
6534926.97 305797.68 11.68
6534926.96 305797.60 11.69
6534926.96 305797.56 11.68
6534926.95 305797.50 11.68
6534926.95 305797.43 11.68
6534926.95 305797.35 11.69
6534926.94 305797.28 11.69
6534926.94 305797.21 11.7
6534926.94 305797.14 11.71
6534926.93 305797.07 11.71
6534926.93 305797.01 11.71
6534926.94 305796.94 11.71
6534926.93 305796.89 11.71
6534926.93 305796.83 11.7
6534926.92 305796.75 11.71
6534926.92 305796.65 11.73
6534926.92 305796.60 11.72
6534926.91 305796.53 11.73
6534926.91 305796.48 11.72
6534926.91 305796.42 11.72
6534926.91 305796.37 11.72
6534926.90 305796.29 11.72
6534926.90 305796.22 11.72
6534926.89 305796.14 11.74
6534926.89 305796.08 11.74
6534926.89 305796.03 11.73
6534926.89 305795.98 11.73
6534926.88 305795.91 11.73
6534926.88 305795.83 11.74
6534926.87 305795.79 11.73
6534926.87 305795.73 11.73
6534926.87 305795.67 11.73
6534926.88 305799.94 11.65
6534926.88 305799.87 11.65
6534926.88 305799.83 11.64
6534926.87 305799.76 11.65
6534926.87 305799.69 11.65
6534926.86 305799.63 11.64
6534926.86 305799.58 11.64
6534926.86 305799.51 11.64
6534926.86 305799.46 11.64
6534926.85 305799.39 11.64
6534926.86 305799.32 11.64
6534926.85 305799.26 11.64
6534926.85 305799.18 11.65
6534926.84 305799.11 11.65
6534926.84 305799.03 11.66
6534926.84 305798.99 11.66
6534926.83 305798.91 11.66
6534926.83 305798.85 11.65
6534926.83 305798.77 11.66
6534926.83 305798.73 11.66
6534926.82 305798.66 11.66
6534926.81 305798.61 11.66
6534926.81 305798.54 11.66
6534926.81 305798.47 11.66
6534926.81 305798.41 11.66
6534926.81 305798.35 11.66
6534926.80 305798.30 11.66
6534926.80 305798.19 11.68
6534926.79 305798.14 11.68
6534926.79 305798.07 11.68
6534926.78 305798.00 11.68
6534926.78 305797.92 11.69
6534926.77 305797.86 11.69
6534926.77 305797.81 11.69
6534926.77 305797.74 11.69
6534926.77 305797.68 11.69
6534926.76 305797.60 11.69
6534926.76 305797.56 11.68
6534926.75 305797.48 11.69
6534926.75 305797.40 11.71
6534926.75 305797.33 11.71
6534926.74 305797.27 11.7
6534926.74 305797.23 11.7
6534926.74 305797.16 11.7
6534926.73 305797.09 11.7
6534926.73 305797.01 11.71
6534926.74 305796.98 11.69
6534926.73 305796.88 11.72
6534926.73 305796.79 11.73
6534926.72 305796.74 11.72
6534926.72 305796.67 11.73
6534926.72 305796.63 11.71
6534926.71 305796.55 11.73
6534926.71 305796.50 11.72
6534926.71 305796.44 11.72
6534926.71 305796.40 11.71
6534926.70 305796.30 11.73
6534926.70 305796.24 11.72
6534926.69 305796.18 11.72
6534926.69 305796.09 11.74
6534926.68 305796.00 11.75
6534926.68 305795.95 11.75
6534926.68 305795.90 11.74
6534926.68 305795.84 11.74
6534926.67 305795.80 11.73
6534926.67 305795.74 11.73
6534926.67 305795.68 11.73
6534926.78 305801.96 11.61
6534926.77 305801.90 11.62
6534926.77 305801.83 11.62
6534926.77 305801.78 11.62
6534926.77 305801.70 11.63
6534926.77 305801.63 11.62
6534926.76 305801.55 11.64
6534926.76 305801.48 11.64
6534926.76 305801.44 11.63
6534926.75 305801.37 11.63
6534926.75 305801.33 11.61
6534926.75 305801.24 11.62
6534926.75 305801.19 11.62
6534926.74 305801.12 11.63
6534926.73 305801.08 11.62
6534926.73 305801.01 11.62
6534926.73 305800.94 11.62
6534926.72 305800.86 11.63
6534926.72 305800.80 11.63
6534926.72 305800.75 11.62
6534926.72 305800.68 11.62
6534926.71 305800.60 11.64
6534926.71 305800.53 11.64
6534926.70 305800.46 11.64
6534926.70 305800.39 11.64
6534926.69 305800.35 11.64
6534926.69 305800.28 11.64
6534926.69 305800.21 11.65
6534926.69 305800.15 11.65
6534926.68 305800.08 11.65
6534926.68 305800.02 11.65
6534926.67 305799.95 11.64
6534926.67 305799.90 11.64
6534926.67 305799.84 11.64
6534926.67 305799.77 11.64
6534926.66 305799.71 11.64
6534926.66 305799.65 11.64
6534926.65 305799.57 11.65
6534926.65 305799.51 11.65
6534926.64 305799.44 11.65
6534926.64 305799.37 11.66
6534926.65 305799.31 11.66
6534926.64 305799.23 11.66
6534926.64 305799.16 11.67
6534926.64 305799.11 11.66
6534926.63 305799.05 11.66
6534926.63 305798.98 11.66
6534926.63 305798.91 11.67
6534926.62 305798.86 11.66
6534926.62 305798.79 11.66
6534926.61 305798.73 11.66
6534926.61 305798.66 11.67
6534926.61 305798.61 11.66
6534926.61 305798.54 11.67
6534926.60 305798.46 11.68
6534926.60 305798.38 11.68
6534926.59 305798.31 11.69
6534926.59 305798.26 11.68
6534926.58 305798.20 11.68
6534926.58 305798.14 11.68
6534926.58 305798.08 11.68
6534926.57 305798.00 11.69
6534926.57 305797.94 11.69
6534926.57 305797.88 11.68
6534926.57 305797.80 11.7
6534926.56 305797.73 11.7
6534926.56 305797.65 11.71
6534926.55 305797.60 11.7
6534926.55 305797.55 11.69
6534926.55 305797.50 11.69
6534926.54 305797.44 11.69
6534926.54 305797.36 11.69
6534926.54 305797.28 11.7
6534926.53 305797.22 11.7
6534926.53 305797.15 11.71
6534926.52 305797.09 11.71
6534926.52 305797.02 11.71
6534926.52 305796.95 11.71
6534926.52 305796.89 11.72
6534926.52 305796.81 11.72
6534926.51 305796.74 11.73
6534926.51 305796.70 11.72
6534926.51 305796.64 11.71
6534926.51 305796.64 11.68
6534926.50 305796.51 11.71
6534926.49 305796.44 11.72
6534926.49 305796.37 11.72
6534926.49 305796.32 11.72
6534926.49 305796.24 11.73
6534926.48 305796.17 11.73
6534926.48 305796.11 11.73
6534926.47 305796.06 11.73
6534926.47 305795.95 11.75
6534926.47 305795.90 11.74
6534926.46 305795.84 11.74
6534926.46 305795.78 11.74
6534926.46 305795.72 11.74
6534926.45 305795.64 11.75
6534926.69 305803.81 11.58
6534926.68 305803.74 11.58
6534926.68 305803.68 11.58
6534926.67 305803.60 11.59
6534926.67 305803.53 11.59
6534926.67 305803.47 11.59
6534926.67 305803.41 11.59
6534926.66 305803.35 11.59
6534926.66 305803.29 11.58
6534926.65 305803.23 11.58
6534926.65 305803.17 11.58
6534926.64 305803.09 11.59
6534926.64 305803.01 11.59
6534926.64 305802.96 11.59
6534926.64 305802.89 11.59
6534926.63 305802.85 11.58
6534926.63 305802.76 11.6
6534926.63 305802.69 11.6
6534926.62 305802.64 11.59
6534926.61 305802.57 11.59
6534926.61 305802.50 11.6
6534926.61 305802.44 11.6
6534926.60 305802.36 11.6
6534926.60 305802.30 11.6
6534926.60 305802.24 11.6
6534926.60 305802.17 11.6
6534926.59 305802.11 11.61
6534926.59 305802.05 11.6
6534926.58 305801.99 11.6
6534926.58 305801.92 11.61
6534926.57 305801.85 11.61
6534926.57 305801.78 11.61
6534926.58 305801.71 11.62
6534926.57 305801.64 11.62
6534926.57 305801.58 11.62
6534926.57 305801.51 11.62
6534926.57 305801.45 11.62
6534926.56 305801.39 11.62
6534926.55 305801.33 11.61
6534926.55 305801.26 11.61
6534926.55 305801.20 11.62
6534926.54 305801.13 11.62
6534926.54 305801.07 11.62
6534926.54 305801.01 11.62
6534926.54 305800.94 11.62
6534926.53 305800.86 11.63
6534926.53 305800.79 11.64
6534926.52 305800.73 11.63
6534926.52 305800.66 11.64
6534926.51 305800.60 11.63
6534926.51 305800.54 11.63
6534926.51 305800.47 11.64
6534926.50 305800.38 11.65
6534926.50 305800.33 11.65
6534926.50 305800.26 11.65
6534926.49 305800.19 11.65
6534926.49 305800.13 11.65
6534926.48 305800.08 11.64
6534926.48 305800.01 11.65
6534926.48 305799.95 11.64
6534926.47 305799.88 11.65
6534926.47 305799.81 11.65
6534926.47 305799.74 11.66
6534926.46 305799.63 11.68
6534926.46 305799.61 11.66
6534926.45 305799.53 11.67
6534926.45 305799.48 11.66
6534926.45 305799.41 11.67
6534926.44 305799.34 11.67
6534926.45 305799.27 11.68
6534926.44 305799.22 11.67
6534926.44 305799.15 11.68
6534926.44 305799.08 11.67
6534926.43 305799.01 11.68
6534926.43 305798.95 11.68
6534926.43 305798.89 11.68
6534926.42 305798.83 11.68
6534926.42 305798.76 11.68
6534926.41 305798.69 11.68
6534926.41 305798.63 11.69
6534926.40 305798.56 11.69
6534926.40 305798.49 11.69
6534926.40 305798.45 11.69
6534926.40 305798.38 11.68
6534926.39 305798.32 11.68
6534926.39 305798.27 11.68
6534926.38 305798.20 11.68
6534926.38 305798.13 11.68
6534926.38 305798.02 11.71
6534926.37 305797.97 11.71
6534926.37 305797.86 11.73
6534926.36 305797.76 11.75
6534926.36 305797.73 11.73
6534926.36 305797.69 11.72
6534926.36 305797.64 11.71
6534926.35 305797.60 11.7
6534926.35 305797.54 11.7
6534926.34 305797.46 11.71
6534926.34 305797.36 11.73
6534926.34 305797.28 11.74
6534926.33 305797.25 11.72
6534926.33 305797.21 11.71
6534926.33 305797.11 11.72
6534926.32 305797.05 11.72
6534926.32 305796.98 11.73
6534926.32 305796.94 11.72
6534926.32 305796.85 11.73
6534926.32 305796.84 11.71
6534926.31 305796.74 11.73
6534926.31 305796.66 11.74
6534926.30 305796.58 11.75
6534926.30 305796.55 11.74
6534926.30 305796.48 11.74
6534926.30 305796.46 11.72
6534926.29 305796.34 11.75
6534926.29 305796.28 11.75
6534926.28 305796.21 11.75
6534926.27 305796.09 11.78
6534926.27 305796.08 11.75
6534926.27 305796.03 11.75
6534926.27 305795.97 11.75
6534926.27 305795.90 11.75
6534926.26 305795.83 11.75
6534926.26 305795.77 11.75
6534926.25 305795.66 11.78
6534926.25 305795.63 11.76
6534926.55 305804.99 11.56
6534926.55 305804.92 11.57
6534926.54 305804.86 11.56
6534926.54 305804.80 11.56
6534926.54 305804.74 11.56
6534926.54 305804.68 11.55
6534926.53 305804.61 11.56
6534926.53 305804.53 11.57
6534926.52 305804.46 11.57
6534926.52 305804.39 11.58
6534926.51 305804.33 11.58
6534926.51 305804.27 11.57
6534926.52 305804.21 11.57
6534926.51 305804.15 11.57
6534926.51 305804.08 11.57
6534926.50 305804.01 11.57
6534926.50 305803.94 11.58
6534926.50 305803.89 11.57
6534926.50 305803.82 11.57
6534926.49 305803.76 11.57
6534926.49 305803.68 11.58
6534926.48 305803.60 11.59
6534926.48 305803.53 11.59
6534926.47 305803.46 11.6
6534926.47 305803.41 11.6
6534926.46 305803.34 11.6
6534926.46 305803.28 11.59
6534926.46 305803.21 11.6
6534926.45 305803.16 11.59
6534926.45 305803.09 11.59
6534926.45 305803.04 11.59
6534926.44 305802.98 11.59
6534926.44 305802.90 11.6
6534926.43 305802.83 11.6
6534926.43 305802.76 11.6
6534926.43 305802.72 11.59
6534926.43 305802.65 11.59
6534926.42 305802.60 11.58
6534926.42 305802.51 11.59
6534926.41 305802.46 11.59
6534926.41 305802.40 11.59
6534926.40 305802.32 11.6
6534926.40 305802.25 11.6
6534926.39 305802.18 11.61
6534926.39 305802.12 11.61
6534926.39 305802.06 11.61
6534926.39 305801.99 11.61
6534926.38 305801.92 11.61
6534926.38 305801.85 11.62
6534926.38 305801.78 11.62
6534926.38 305801.72 11.62
6534926.38 305801.65 11.62
6534926.37 305801.58 11.63
6534926.37 305801.51 11.63
6534926.36 305801.46 11.63
6534926.36 305801.40 11.62
6534926.36 305801.33 11.62
6534926.35 305801.26 11.62
6534926.35 305801.20 11.63
6534926.34 305801.12 11.64
6534926.34 305801.05 11.64
6534926.34 305801.00 11.63
6534926.33 305800.94 11.63
6534926.33 305800.92 11.6
6534926.32 305800.80 11.64
6534926.32 305800.71 11.66
6534926.32 305800.65 11.65
6534926.31 305800.59 11.65
6534926.31 305800.53 11.65
6534926.30 305800.46 11.65
6534926.31 305800.41 11.65
6534926.30 305800.35 11.64
6534926.30 305800.26 11.66
6534926.29 305800.20 11.65
6534926.29 305800.15 11.65
6534926.28 305800.09 11.65
6534926.28 305800.03 11.65
6534926.28 305799.96 11.65
6534926.28 305799.90 11.65
6534926.27 305799.83 11.65
6534926.27 305799.75 11.66
6534926.26 305799.67 11.67
6534926.25 305799.59 11.68
6534926.25 305799.52 11.69
6534926.25 305799.45 11.69
6534926.24 305799.40 11.68
6534926.24 305799.33 11.69
6534926.25 305799.27 11.68
6534926.24 305799.20 11.68
6534926.24 305799.14 11.69
6534926.23 305799.08 11.68
6534926.23 305799.01 11.68
6534926.23 305798.98 11.67
6534926.22 305798.86 11.7
6534926.22 305798.79 11.71
6534926.22 305798.74 11.7
6534926.21 305798.69 11.69
6534926.21 305798.64 11.69
6534926.20 305798.55 11.7
6534926.20 305798.49 11.7
6534926.20 305798.43 11.7
6534926.20 305798.38 11.69
6534926.19 305798.33 11.68
6534926.18 305798.27 11.68
6534926.19 305798.23 11.67
6534926.18 305798.18 11.66
6534926.17 305798.03 11.71
6534926.17 305797.92 11.74
6534926.16 305797.86 11.73
6534926.16 305797.82 11.72
6534926.16 305797.71 11.75
6534926.15 305797.68 11.73
6534926.15 305797.63 11.72
6534926.15 305797.58 11.71
6534926.14 305797.53 11.71
6534926.14 305797.46 11.71
6534926.14 305797.41 11.71
6534926.13 305797.35 11.7
6534926.13 305797.28 11.7
6534926.13 305797.23 11.71
6534926.12 305797.14 11.72
6534926.12 305797.05 11.72
6534926.11 305797.01 11.73
6534926.12 305796.94 11.72
6534926.11 305796.90 11.71
6534926.12 305796.86 11.7
6534926.11 305796.79 11.71
6534926.10 305796.68 11.73
6534926.10 305796.62 11.72
6534926.10 305796.57 11.73
6534926.09 305796.53 11.71
6534926.09 305796.40 11.74
6534926.09 305796.35 11.74
6534926.08 305796.28 11.75
6534926.08 305796.23 11.74
6534926.07 305796.17 11.73
6534926.07 305796.10 11.74
6534926.06 305796.03 11.74
6534926.06 305795.96 11.75
6534926.06 305795.88 11.75
6534926.05 305795.81 11.76
6534926.05 305795.77 11.75
6534926.05 305795.73 11.75
6534926.04 305795.68 11.74
6534926.36 305805.00 11.56
6534926.36 305804.95 11.56
6534926.35 305804.88 11.55
6534926.35 305804.81 11.56
6534926.35 305804.74 11.56
6534926.35 305804.66 11.57
6534926.34 305804.62 11.57
6534926.34 305804.55 11.57
6534926.34 305804.50 11.56
6534926.33 305804.43 11.56
6534926.33 305804.36 11.56
6534926.33 305804.29 11.56
6534926.32 305804.24 11.56
6534926.32 305804.17 11.56
6534926.31 305804.11 11.56
6534926.31 305804.04 11.57
6534926.30 305803.96 11.57
6534926.30 305803.91 11.57
6534926.30 305803.84 11.57
6534926.30 305803.78 11.57
6534926.29 305803.71 11.57
6534926.29 305803.64 11.58
6534926.28 305803.56 11.58
6534926.28 305803.49 11.58
6534926.28 305803.44 11.58
6534926.27 305803.38 11.58
6534926.26 305803.31 11.58
6534926.26 305803.24 11.59
6534926.26 305803.16 11.59
6534926.25 305803.09 11.6
6534926.25 305803.03 11.6
6534926.24 305802.96 11.6
6534926.24 305802.90 11.61
6534926.24 305802.82 11.61
6534926.24 305802.77 11.6
6534926.23 305802.71 11.6
6534926.23 305802.66 11.59
6534926.22 305802.59 11.6
6534926.22 305802.52 11.6
6534926.21 305802.45 11.61
6534926.21 305802.38 11.61
6534926.21 305802.32 11.61
6534926.21 305802.25 11.61
6534926.21 305802.18 11.61
6534926.20 305802.11 11.62
6534926.20 305802.05 11.62
6534926.20 305801.98 11.62
6534926.19 305801.91 11.62
6534926.19 305801.84 11.63
6534926.19 305801.78 11.63
6534926.18 305801.72 11.63
6534926.18 305801.66 11.62
6534926.17 305801.60 11.62
6534926.17 305801.52 11.63
6534926.16 305801.46 11.63
6534926.16 305801.40 11.63
6534926.16 305801.34 11.62
6534926.16 305801.27 11.63
6534926.15 305801.20 11.64
6534926.15 305801.13 11.64
6534926.14 305801.08 11.63
6534926.14 305801.01 11.63
6534926.13 305800.96 11.62
6534926.13 305800.89 11.63
6534926.13 305800.81 11.64
6534926.12 305800.75 11.64
6534926.12 305800.69 11.63
6534926.12 305800.62 11.64
6534926.11 305800.55 11.64
6534926.11 305800.47 11.66
6534926.10 305800.40 11.66
6534926.10 305800.33 11.66
6534926.09 305800.27 11.66
6534926.09 305800.18 11.67
6534926.09 305800.13 11.67
6534926.08 305800.08 11.66
6534926.08 305800.03 11.65
6534926.08 305799.97 11.65
6534926.07 305799.89 11.66
6534926.08 305799.83 11.66
6534926.07 305799.75 11.67
6534926.07 305799.69 11.66
6534926.07 305799.62 11.67
6534926.06 305799.55 11.67
6534926.06 305799.48 11.67
6534926.05 305799.42 11.68
6534926.05 305799.36 11.68
6534926.04 305799.29 11.68
6534926.04 305799.22 11.68
6534926.04 305799.17 11.68
6534926.03 305799.10 11.68
6534926.03 305799.02 11.69
6534926.02 305798.91 11.71
6534926.02 305798.87 11.7
6534926.02 305798.82 11.7
6534926.01 305798.76 11.69
6534926.01 305798.67 11.71
6534926.01 305798.62 11.71
6534926.00 305798.56 11.7
6534926.00 305798.51 11.7
6534926.00 305798.45 11.69
6534925.99 305798.40 11.69
6534925.99 305798.33 11.69
6534925.98 305798.26 11.69
6534925.98 305798.21 11.69
6534925.97 305798.12 11.7
6534925.97 305798.08 11.69
6534925.96 305797.99 11.71
6534925.96 305797.92 11.71
6534925.96 305797.85 11.72
6534925.95 305797.78 11.72
6534925.95 305797.68 11.74
6534925.95 305797.64 11.72
6534925.94 305797.59 11.72
6534925.94 305797.53 11.71
6534925.95 305797.48 11.72
6534925.94 305797.41 11.71
6534925.94 305797.36 11.71
6534925.93 305797.30 11.71
6534925.93 305797.23 11.71
6534925.93 305797.16 11.71
6534925.92 305797.09 11.71
6534925.92 305797.04 11.72
6534925.91 305796.94 11.73
6534925.91 305796.90 11.73
6534925.91 305796.82 11.73
6534925.90 305796.76 11.73
6534925.90 305796.65 11.76
6534925.89 305796.63 11.74
6534925.89 305796.58 11.73
6534925.89 305796.53 11.72
6534925.89 305796.46 11.72
6534925.88 305796.40 11.73
6534925.88 305796.35 11.72
6534925.88 305796.30 11.71
6534925.87 305796.24 11.71
6534925.86 305796.14 11.73
6534925.86 305796.08 11.73
6534925.85 305795.98 11.75
6534925.85 305795.90 11.76
6534925.85 305795.85 11.76
6534925.85 305795.79 11.75
6534925.84 305795.74 11.75
6534925.84 305795.67 11.75
6534926.16 305805.01 11.56
6534926.16 305804.95 11.56
6534926.15 305804.88 11.56
6534926.15 305804.81 11.56
6534926.16 305804.76 11.56
6534926.16 305804.70 11.55
6534926.15 305804.63 11.56
6534926.15 305804.57 11.56
6534926.14 305804.49 11.57
6534926.14 305804.41 11.57
6534926.13 305804.36 11.57
6534926.13 305804.29 11.57
6534926.12 305804.23 11.57
6534926.12 305804.16 11.57
6534926.11 305804.09 11.58
6534926.11 305804.01 11.59
6534926.11 305803.95 11.58
6534926.10 305803.89 11.58
6534926.10 305803.82 11.59
6534926.10 305803.76 11.58
6534926.09 305803.68 11.59
6534926.09 305803.63 11.58
6534926.08 305803.57 11.58
6534926.08 305803.50 11.59
6534926.07 305803.43 11.59
6534926.07 305803.36 11.6
6534926.07 305803.29 11.6
6534926.06 305803.17 11.64
6534926.06 305803.15 11.61
6534926.05 305803.09 11.61
6534926.05 305803.04 11.6
6534926.05 305802.97 11.6
6534926.04 305802.91 11.6
6534926.04 305802.84 11.6
6534926.03 305802.78 11.59
6534926.03 305802.73 11.59
6534926.03 305802.66 11.59
6534926.02 305802.59 11.6
6534926.02 305802.51 11.61
6534926.01 305802.44 11.61
6534926.01 305802.37 11.62
6534926.00 305802.30 11.62
6534926.01 305802.25 11.62
6534926.01 305802.18 11.62
6534926.01 305802.12 11.62
6534926.00 305802.07 11.61
6534926.00 305802.00 11.61
6534925.99 305801.95 11.61
6534925.99 305801.88 11.61
6534925.98 305801.81 11.62
6534925.98 305801.74 11.62
6534925.97 305801.67 11.62
6534925.97 305801.60 11.62
6534925.97 305801.53 11.63
6534925.96 305801.46 11.63
6534925.96 305801.38 11.65
6534925.95 305801.31 11.65
6534925.95 305801.24 11.65
6534925.95 305801.19 11.64
6534925.95 305801.13 11.64
6534925.94 305801.07 11.64
6534925.94 305801.02 11.63
6534925.93 305800.94 11.64
6534925.93 305800.86 11.65
6534925.92 305800.80 11.65
6534925.92 305800.73 11.65
6534925.91 305800.67 11.65
6534925.91 305800.61 11.65
6534925.91 305800.53 11.66
6534925.90 305800.47 11.66
6534925.90 305800.41 11.65
6534925.90 305800.35 11.65
6534925.89 305800.28 11.66
6534925.89 305800.22 11.66
6534925.88 305800.15 11.66
6534925.88 305800.10 11.66
6534925.88 305800.03 11.66
6534925.87 305799.96 11.66
6534925.87 305799.89 11.66
6534925.87 305799.82 11.67
6534925.87 305799.74 11.68
6534925.86 305799.68 11.68
6534925.86 305799.63 11.67
6534925.86 305799.58 11.66
6534925.85 305799.53 11.65
6534925.85 305799.51 11.63
6534925.84 305799.37 11.68
6534925.84 305799.29 11.68
6534925.83 305799.23 11.68
6534925.83 305799.17 11.68
6534925.83 305799.11 11.68
6534925.83 305799.05 11.68
6534925.82 305798.98 11.68
6534925.82 305798.91 11.68
6534925.82 305798.84 11.69
6534925.81 305798.81 11.67
6534925.81 305798.71 11.69
6534925.80 305798.63 11.7
6534925.80 305798.58 11.69
6534925.79 305798.51 11.7
6534925.79 305798.46 11.69
6534925.79 305798.39 11.69
6534925.78 305798.33 11.69
6534925.78 305798.26 11.7
6534925.78 305798.19 11.7
6534925.77 305798.14 11.7
6534925.76 305798.08 11.7
6534925.76 305798.03 11.69
6534925.76 305797.94 11.7
6534925.75 305797.87 11.71
6534925.75 305797.80 11.71
6534925.75 305797.75 11.71
6534925.75 305797.69 11.7
6534925.74 305797.62 11.71
6534925.74 305797.56 11.7
6534925.73 305797.49 11.71
6534925.74 305797.44 11.7
6534925.73 305797.35 11.72
6534925.73 305797.29 11.72
6534925.72 305797.21 11.73
6534925.72 305797.12 11.74
6534925.71 305797.08 11.72
6534925.71 305797.03 11.72
6534925.71 305796.98 11.71
6534925.71 305796.92 11.71
6534925.70 305796.89 11.69
6534925.70 305796.78 11.72
6534925.69 305796.73 11.72
6534925.69 305796.66 11.72
6534925.68 305796.58 11.73
6534925.68 305796.52 11.72
6534925.67 305796.44 11.73
6534925.67 305796.40 11.73
6534925.67 305796.34 11.72
6534925.67 305796.29 11.72
6534925.66 305796.22 11.72
6534925.66 305796.16 11.72
6534925.65 305796.09 11.72
6534925.65 305796.04 11.72
6534925.65 305795.96 11.73
6534925.64 305795.86 11.74
6534925.64 305795.82 11.74
6534925.64 305795.75 11.74
6534925.63 305795.71 11.73
6534925.96 305804.97 11.55
6534925.96 305804.89 11.56
6534925.95 305804.82 11.57
6534925.95 305804.76 11.56
6534925.95 305804.70 11.56
6534925.95 305804.64 11.56
6534925.94 305804.62 11.52
6534925.94 305804.50 11.56
6534925.93 305804.44 11.56
6534925.93 305804.38 11.55
6534925.92 305804.33 11.55
6534925.92 305804.24 11.57
6534925.92 305804.15 11.58
6534925.91 305804.10 11.57
6534925.90 305804.04 11.57
6534925.90 305803.98 11.56
6534925.91 305803.91 11.57
6534925.90 305803.85 11.56
6534925.90 305803.79 11.56
6534925.90 305803.73 11.56
6534925.89 305803.65 11.57
6534925.89 305803.58 11.58
6534925.89 305803.53 11.57
6534925.88 305803.44 11.59
6534925.88 305803.37 11.59
6534925.87 305803.31 11.59
6534925.87 305803.25 11.59
6534925.86 305803.18 11.59
6534925.86 305803.12 11.59
6534925.85 305803.05 11.59
6534925.85 305802.99 11.59
6534925.85 305802.93 11.59
6534925.85 305802.87 11.59
6534925.84 305802.81 11.58
6534925.84 305802.74 11.58
6534925.83 305802.66 11.59
6534925.82 305802.57 11.61
6534925.82 305802.51 11.61
6534925.82 305802.45 11.61
6534925.81 305802.39 11.6
6534925.81 305802.33 11.6
6534925.80 305802.27 11.6
6534925.80 305802.20 11.61
6534925.80 305802.13 11.61
6534925.79 305802.06 11.61
6534925.79 305801.94 11.65
6534925.78 305801.88 11.65
6534925.78 305801.83 11.64
6534925.77 305801.78 11.63
6534925.77 305801.72 11.63
6534925.77 305801.65 11.63
6534925.77 305801.59 11.63
6534925.76 305801.52 11.63
6534925.76 305801.47 11.63
6534925.75 305801.40 11.63
6534925.76 305801.33 11.63
6534925.75 305801.26 11.64
6534925.75 305801.19 11.64
6534925.74 305801.12 11.65
6534925.74 305801.04 11.66
6534925.74 305800.96 11.67
6534925.73 305800.90 11.66
6534925.73 305800.84 11.66
6534925.72 305800.78 11.66
6534925.72 305800.73 11.66
6534925.71 305800.66 11.66
6534925.71 305800.59 11.66
6534925.71 305800.53 11.66
6534925.71 305800.46 11.66
6534925.70 305800.41 11.66
6534925.70 305800.34 11.66
6534925.69 305800.29 11.66
6534925.68 305800.22 11.66
6534925.68 305800.16 11.65
6534925.68 305800.07 11.67
6534925.67 305800.00 11.68
6534925.67 305799.94 11.67
6534925.67 305799.87 11.67
6534925.66 305799.79 11.68
6534925.65 305799.72 11.69
6534925.65 305799.65 11.69
6534925.65 305799.61 11.68
6534925.65 305799.56 11.67
6534925.64 305799.50 11.66
6534925.64 305799.45 11.67
6534925.63 305799.36 11.68
6534925.63 305799.28 11.69
6534925.62 305799.21 11.69
6534925.62 305799.17 11.69
6534925.62 305799.12 11.67
6534925.62 305799.06 11.67
6534925.61 305798.99 11.67
6534925.61 305798.92 11.67
6534925.61 305798.87 11.67
6534925.61 305798.79 11.68
6534925.60 305798.73 11.68
6534925.60 305798.67 11.68
6534925.59 305798.60 11.68
6534925.59 305798.55 11.68
6534925.59 305798.48 11.68
6534925.59 305798.43 11.67
6534925.58 305798.38 11.67
6534925.58 305798.30 11.67
6534925.57 305798.25 11.67
6534925.57 305798.18 11.67
6534925.56 305798.11 11.68
6534925.56 305798.04 11.68
6534925.56 305797.98 11.68
6534925.55 305797.93 11.68
6534925.55 305797.86 11.68
6534925.55 305797.79 11.68
6534925.54 305797.70 11.69
6534925.54 305797.64 11.7
6534925.53 305797.58 11.7
6534925.53 305797.49 11.72
6534925.52 305797.45 11.7
6534925.52 305797.38 11.71
6534925.52 305797.33 11.7
6534925.51 305797.26 11.71
6534925.51 305797.19 11.71
6534925.50 305797.12 11.71
6534925.50 305797.07 11.71
6534925.50 305797.00 11.71
6534925.49 305796.95 11.7
6534925.49 305796.88 11.7
6534925.49 305796.84 11.69
6534925.48 305796.78 11.7
6534925.48 305796.68 11.71
6534925.47 305796.61 11.72
6534925.47 305796.50 11.74
6534925.46 305796.46 11.73
6534925.47 305796.42 11.72
6534925.47 305796.37 11.72
6534925.46 305796.29 11.72
6534925.46 305796.22 11.73
6534925.45 305796.18 11.72
6534925.45 305796.10 11.72
6534925.45 305796.01 11.74
6534925.44 305795.97 11.73
6534925.43 305795.90 11.73
6534925.44 305795.87 11.72
6534925.43 305795.81 11.72
6534925.43 305795.71 11.74
6534925.77 305804.97 11.55
6534925.77 305804.91 11.55
6534925.76 305804.84 11.55
6534925.76 305804.78 11.55
6534925.75 305804.71 11.55
6534925.75 305804.65 11.55
6534925.74 305804.59 11.55
6534925.74 305804.53 11.55
6534925.74 305804.46 11.55
6534925.73 305804.39 11.56
6534925.73 305804.32 11.56
6534925.72 305804.25 11.56
6534925.72 305804.19 11.56
6534925.72 305804.13 11.56
6534925.71 305804.07 11.55
6534925.71 305804.02 11.54
6534925.70 305803.93 11.56
6534925.70 305803.86 11.57
6534925.69 305803.79 11.57
6534925.69 305803.72 11.58
6534925.68 305803.65 11.58
6534925.68 305803.60 11.57
6534925.67 305803.53 11.57
6534925.67 305803.43 11.6
6534925.68 305803.36 11.6
6534925.67 305803.29 11.6
6534925.67 305803.24 11.6
6534925.66 305803.18 11.59
6534925.66 305803.12 11.6
6534925.66 305803.06 11.59
6534925.65 305802.98 11.6
6534925.65 305802.92 11.6
6534925.64 305802.84 11.61
6534925.64 305802.78 11.61
6534925.63 305802.71 11.61
6534925.63 305802.64 11.61
6534925.63 305802.58 11.61
6534925.62 305802.52 11.61
6534925.62 305802.45 11.61
6534925.61 305802.39 11.61
6534925.61 305802.34 11.61
6534925.60 305802.27 11.62
6534925.60 305802.18 11.62
6534925.60 305802.13 11.62
6534925.59 305802.07 11.62
6534925.59 305802.01 11.61
6534925.59 305801.94 11.62
6534925.58 305801.87 11.62
6534925.58 305801.80 11.62
6534925.57 305801.75 11.62
6534925.57 305801.68 11.62
6534925.56 305801.62 11.62
6534925.56 305801.54 11.63
6534925.56 305801.46 11.64
6534925.55 305801.40 11.64
6534925.54 305801.33 11.64
6534925.54 305801.28 11.63
6534925.54 305801.21 11.64
6534925.53 305801.14 11.65
6534925.53 305801.07 11.65
6534925.52 305801.00 11.65
6534925.52 305800.93 11.65
6534925.52 305800.88 11.65
6534925.52 305800.81 11.65
6534925.52 305800.74 11.65
6534925.51 305800.67 11.66
6534925.51 305800.60 11.66
6534925.51 305800.54 11.66
6534925.50 305800.48 11.66
6534925.50 305800.41 11.67
6534925.49 305800.34 11.66
6534925.49 305800.27 11.67
6534925.48 305800.21 11.67
6534925.48 305800.16 11.66
6534925.48 305800.10 11.66
6534925.47 305800.04 11.66
6534925.47 305799.95 11.67
6534925.46 305799.89 11.67
6534925.46 305799.82 11.67
6534925.46 305799.76 11.67
6534925.45 305799.70 11.67
6534925.45 305799.64 11.67
6534925.44 305799.58 11.67
6534925.44 305799.52 11.67
6534925.43 305799.44 11.68
6534925.43 305799.36 11.69
6534925.42 305799.30 11.69
6534925.42 305799.26 11.67
6534925.42 305799.20 11.68
6534925.42 305799.12 11.68
6534925.41 305799.07 11.68
6534925.41 305799.02 11.67
6534925.40 305798.95 11.67
6534925.40 305798.87 11.68
6534925.39 305798.81 11.68